5000 5000
1 1 2.002654e+10 
1 2 -2.140591e+09 
1 75 -8.806729e+09 
1 76 -5.946911e+08 
1 2037 -8.491056e+09 
1 2038 3.288255e+09 
1 2039 -2.728755e+09 
1 2040 -5.529727e+08 
2 1 -2.140591e+09 
2 2 1.448322e+10 
2 75 -2.203326e+08 
2 76 -2.369477e+09 
2 2037 2.913897e+09 
2 2038 -4.671402e+09 
2 2039 -5.529727e+08 
2 2040 -7.442341e+09 
3 3 1.000000e+00 
3 4 0.000000e+00 
3 87 0.000000e+00 
3 88 0.000000e+00 
3 213 0.000000e+00 
3 214 0.000000e+00 
3 1161 0.000000e+00 
3 1162 0.000000e+00 
4 3 0.000000e+00 
4 4 1.000000e+00 
4 87 0.000000e+00 
4 88 0.000000e+00 
4 213 0.000000e+00 
4 214 0.000000e+00 
4 1161 0.000000e+00 
4 1162 0.000000e+00 
5 5 1.489847e+10 
5 6 -2.429414e+09 
5 2381 -9.107041e+08 
5 2382 1.894401e+08 
5 4611 -1.149316e+10 
5 4612 4.083728e+09 
5 4613 -2.494602e+09 
5 4614 -1.843755e+09 
6 5 -2.429414e+09 
6 6 1.298268e+10 
6 2381 5.637986e+08 
6 2382 -5.729858e+09 
6 4611 4.083728e+09 
6 4612 -5.733612e+09 
6 4613 -2.218113e+09 
6 4614 -1.519206e+09 
7 7 2.020605e+10 
7 8 2.260128e+09 
7 53 -8.445072e+09 
7 54 8.384729e+08 
7 463 -9.047560e+09 
7 464 -3.213695e+09 
7 2241 -2.713414e+09 
7 2242 1.150939e+08 
8 7 2.260128e+09 
8 8 1.453158e+10 
8 53 4.641144e+08 
8 54 -2.270765e+09 
8 463 -2.839336e+09 
8 464 -4.627665e+09 
8 2241 1.150939e+08 
8 2242 -7.633148e+09 
9 9 1.000000e+00 
9 10 0.000000e+00 
9 11 0.000000e+00 
9 12 0.000000e+00 
9 127 0.000000e+00 
9 128 0.000000e+00 
9 1907 0.000000e+00 
9 1908 0.000000e+00 
10 9 0.000000e+00 
10 10 1.000000e+00 
10 11 0.000000e+00 
10 12 0.000000e+00 
10 127 0.000000e+00 
10 128 0.000000e+00 
10 1907 0.000000e+00 
10 1908 0.000000e+00 
11 9 0.000000e+00 
11 10 0.000000e+00 
11 11 3.397869e+10 
11 12 7.893011e+08 
11 127 -6.868056e+09 
11 128 3.247308e+09 
11 545 -8.747520e+09 
11 546 -4.291494e+09 
11 1907 0.000000e+00 
11 1908 0.000000e+00 
12 9 0.000000e+00 
12 10 0.000000e+00 
12 11 7.893011e+08 
12 12 2.974863e+10 
12 127 3.247308e+09 
12 128 -6.777011e+09 
12 545 -4.291494e+09 
12 546 -6.741744e+09 
12 1907 0.000000e+00 
12 1908 0.000000e+00 
13 13 1.512608e+10 
13 14 -5.963775e+08 
13 1021 -3.145016e+09 
13 1022 -1.616181e+09 
13 1677 -5.514973e+09 
13 1678 -5.686218e+08 
13 4295 -6.466089e+09 
13 4296 2.781180e+09 
14 13 -5.963775e+08 
14 14 1.912325e+10 
14 1021 -1.241822e+09 
14 1022 -2.688591e+08 
14 1677 -5.686218e+08 
14 1678 -1.541083e+10 
14 4295 2.406821e+09 
14 4296 -3.443558e+09 
15 15 1.614117e+10 
15 16 -4.483692e+08 
15 675 -3.824109e+09 
15 676 -1.990232e+08 
15 2007 -6.160173e+09 
15 2008 2.359578e+09 
15 3635 -6.156885e+09 
15 3636 -1.712186e+09 
16 15 -4.483692e+08 
16 16 1.519454e+10 
16 675 -1.990232e+08 
16 676 -1.075033e+10 
16 2007 1.985220e+09 
16 2008 -2.632877e+09 
16 3635 -1.337827e+09 
16 3636 -1.811331e+09 
17 17 1.223548e+10 
17 18 -5.547986e+08 
17 1205 -3.568689e+09 
17 1206 3.325657e+09 
17 2339 -3.281669e+09 
17 2340 -3.877942e+09 
17 2341 -2.234436e+09 
17 2342 -1.381935e+08 
17 4745 -3.150684e+09 
17 4746 1.245277e+09 
18 17 -5.547986e+08 
18 18 1.732871e+10 
18 1205 3.325657e+09 
18 1206 -1.164272e+10 
18 2339 -3.877942e+09 
18 2340 -7.390003e+09 
18 2341 2.361651e+08 
18 2342 1.495674e+09 
18 4745 8.709187e+08 
18 4746 2.083408e+08 
19 19 2.994644e+10 
19 20 -5.123693e+08 
19 1301 -1.192749e+10 
19 1302 -1.275872e+09 
19 2293 -5.619200e+09 
19 2294 1.514689e+09 
19 2953 -4.636086e+09 
19 2954 1.724033e+09 
19 2959 -7.763665e+09 
19 2960 -1.450481e+09 
20 19 -5.123693e+08 
20 20 3.477798e+10 
20 1301 -1.275872e+09 
20 1302 -6.889663e+09 
20 2293 1.514689e+09 
20 2294 -1.319916e+10 
20 2953 1.724033e+09 
20 2954 -1.312139e+10 
20 2959 -1.450481e+09 
20 2960 -1.567766e+09 
21 21 2.007269e+10 
21 22 3.055397e+09 
21 747 -1.340018e+10 
21 748 -5.697713e+09 
21 1585 -1.001472e+10 
21 1586 1.895069e+09 
21 1893 1.509549e+09 
21 1894 6.510459e+08 
21 2995 1.832662e+09 
21 2996 9.620132e+07 
22 21 3.055397e+09 
22 22 1.337823e+10 
22 747 -5.697713e+09 
22 748 -8.209299e+09 
22 1585 1.895069e+09 
22 1586 -1.482703e+09 
22 1893 1.025404e+09 
22 1894 -1.808496e+09 
22 2995 -2.781572e+08 
22 2996 -1.877729e+09 
23 23 3.407376e+10 
23 24 -3.172248e+09 
23 2275 -7.728337e+09 
23 2276 -1.252718e+09 
23 4625 -1.143322e+10 
23 4626 3.485054e+09 
23 4861 -1.394879e+09 
23 4862 -1.995163e+09 
23 4865 -1.351733e+10 
23 4866 2.935075e+09 
24 23 -3.172248e+09 
24 24 3.305096e+10 
24 2275 -1.252718e+09 
24 2276 -1.269415e+10 
24 4625 3.485054e+09 
24 4626 -4.710450e+09 
24 4861 -1.995163e+09 
24 4862 -6.953521e+09 
24 4865 2.935075e+09 
24 4866 -8.692839e+09 
25 25 1.853455e+10 
25 26 4.365388e+09 
25 295 -1.299681e+10 
25 296 -6.001900e+09 
25 969 -1.114270e+09 
25 970 -9.618503e+08 
25 2163 -5.318737e+09 
25 2164 3.168622e+08 
25 3181 8.952653e+08 
25 3182 2.281500e+09 
26 25 4.365388e+09 
26 26 2.066733e+10 
26 295 -6.001900e+09 
26 296 -1.763697e+10 
26 969 -5.874918e+08 
26 970 2.309610e+09 
26 2163 -5.749633e+07 
26 2164 -6.493574e+08 
26 3181 2.281500e+09 
26 3182 -4.690612e+09 
27 27 1.765279e+10 
27 28 1.394258e+09 
27 217 -1.148221e+10 
27 218 -4.428477e+09 
27 1437 2.828955e+09 
27 1438 7.148262e+08 
27 2133 -5.268857e+09 
27 2134 2.124338e+09 
27 3065 -3.730677e+09 
27 3066 1.950547e+08 
28 27 1.394258e+09 
28 28 1.387476e+10 
28 217 -4.428477e+09 
28 218 -7.181472e+09 
28 1437 7.148262e+08 
28 1438 -4.963022e+09 
28 2133 1.749979e+09 
28 2134 -1.992267e+09 
28 3065 5.694133e+08 
28 3066 2.620045e+08 
29 29 1.429109e+10 
29 30 1.199857e+09 
29 695 -5.830273e+09 
29 696 9.239106e+08 
29 1985 -6.224010e+09 
29 1986 -4.271823e+09 
29 2237 -1.342048e+09 
29 2238 2.647745e+09 
29 2955 -8.947587e+08 
29 2956 -4.996898e+08 
30 29 1.199857e+09 
30 30 1.770249e+10 
30 695 5.495520e+08 
30 696 -1.089222e+09 
30 1985 -4.271823e+09 
30 1986 -1.182230e+10 
30 2237 2.647745e+09 
30 2238 -7.678971e+09 
30 2955 -1.253313e+08 
30 2956 2.887998e+09 
31 31 1.444489e+10 
31 32 7.389624e+08 
31 891 -5.080688e+09 
31 892 1.452243e+09 
31 1615 -7.289123e+09 
31 1616 -3.987749e+09 
31 1953 -2.499190e+09 
31 1954 2.228784e+09 
31 3173 4.241107e+08 
31 3174 -4.322401e+08 
32 31 7.389624e+08 
32 32 2.107179e+10 
32 891 1.077884e+09 
32 892 -1.080684e+09 
32 1615 -3.987749e+09 
32 1616 -1.443552e+10 
32 1953 2.228784e+09 
32 1954 -1.044775e+10 
32 3173 -5.788156e+07 
32 3174 4.892164e+09 
33 33 3.228391e+10 
33 34 1.675576e+09 
33 1541 -6.187237e+09 
33 1542 -3.305971e+09 
33 2143 -1.134026e+10 
33 2144 2.088785e+09 
33 2481 -8.792510e+09 
33 2482 2.768842e+09 
33 2483 -5.963900e+09 
33 2484 -3.227232e+09 
34 33 1.675576e+09 
34 34 3.122805e+10 
34 1541 -3.305971e+09 
34 1542 -1.065730e+10 
34 2143 2.088785e+09 
34 2144 -6.778283e+09 
34 2481 2.768842e+09 
34 2482 -3.456298e+09 
34 2483 -3.227232e+09 
34 2484 -1.033616e+10 
35 35 3.368364e+10 
35 36 4.248773e+09 
35 1245 -5.781895e+09 
35 1246 -2.769147e+09 
35 2457 -1.357304e+10 
35 2458 7.912679e+08 
35 3119 -8.575800e+09 
35 3120 4.999436e+08 
35 3123 -5.752906e+09 
35 3124 -2.770837e+09 
36 35 4.248773e+09 
36 36 3.286258e+10 
36 1245 -2.769147e+09 
36 1246 -1.242582e+10 
36 2457 7.912679e+08 
36 2458 -4.915618e+09 
36 3119 4.999436e+08 
36 3120 -3.105815e+09 
36 3123 -2.770837e+09 
36 3124 -1.241532e+10 
37 37 1.375456e+10 
37 38 1.069424e+09 
37 1943 -3.941179e+09 
37 1944 -6.647026e+08 
37 1971 -3.868715e+09 
37 1972 -4.074940e+09 
37 2355 -1.107828e+09 
37 2356 3.441040e+09 
37 2357 -4.836837e+09 
37 2358 2.291782e+08 
38 37 1.069424e+09 
38 38 1.389114e+10 
38 1943 -2.903441e+08 
38 1944 8.977835e+07 
38 1971 -4.074940e+09 
38 1972 -8.268486e+09 
38 2355 3.441040e+09 
38 2356 -5.340930e+09 
38 2357 -1.451803e+08 
38 2358 -3.714982e+08 
39 39 1.837942e+10 
39 40 -2.012368e+09 
39 1893 -1.626405e+09 
39 1894 2.186083e+09 
39 2145 -1.348152e+09 
39 2146 -3.722315e+09 
39 2175 -1.530610e+10 
39 2176 2.238316e+09 
39 2177 -9.876546e+07 
39 2178 1.310283e+09 
40 39 -2.012368e+09 
40 40 1.258595e+10 
40 1893 1.811724e+09 
40 1894 -3.668337e+09 
40 2145 -3.722315e+09 
40 2146 -1.988773e+09 
40 2175 2.238316e+09 
40 2176 -4.270210e+09 
40 2177 1.684642e+09 
40 2178 -2.658627e+09 
41 41 2.982091e+10 
41 42 -4.556678e+08 
41 1509 -7.494214e+09 
41 1510 2.132671e+09 
41 2021 -5.128767e+09 
41 2022 3.368846e+09 
41 3147 -1.100744e+10 
41 3148 -2.276534e+09 
41 4739 -6.190489e+09 
41 4740 -2.769314e+09 
42 41 -4.556678e+08 
42 42 3.771227e+10 
42 1509 2.132671e+09 
42 1510 -1.360426e+10 
42 2021 3.368846e+09 
42 2022 -1.321459e+10 
42 3147 -2.276534e+09 
42 3148 -8.921111e+09 
42 4739 -2.769314e+09 
42 4740 -1.972311e+09 
43 43 3.837759e+10 
43 44 -4.569340e+09 
43 3259 -1.249140e+10 
43 3260 4.474754e+09 
43 3261 -1.022216e+09 
43 3262 -3.196057e+09 
43 3263 -1.166075e+10 
43 3264 -1.217581e+09 
43 3265 -1.320323e+10 
43 3266 4.508224e+09 
44 43 -4.569340e+09 
44 44 3.239877e+10 
44 3259 4.474754e+09 
44 3260 -7.987137e+09 
44 3261 -3.196057e+09 
44 3262 -3.704016e+09 
44 3263 -1.217581e+09 
44 3264 -1.207563e+10 
44 3265 4.508224e+09 
44 3266 -8.631987e+09 
45 45 4.447955e+10 
45 46 -1.861080e+09 
45 167 -1.468008e+10 
45 168 -3.298261e+09 
45 191 -5.200797e+09 
45 192 4.758789e+09 
45 1917 -1.599726e+10 
45 1918 2.333084e+09 
45 2801 -8.601416e+09 
45 2802 -1.932532e+09 
46 45 -1.861080e+09 
46 46 3.193049e+10 
46 167 -3.298261e+09 
46 168 -6.841729e+09 
46 191 4.758789e+09 
46 192 -8.024141e+09 
46 1917 2.333084e+09 
46 1918 -1.305589e+10 
46 2801 -1.932532e+09 
46 2802 -4.008736e+09 
47 47 3.195546e+10 
47 48 -9.050691e+08 
47 4531 -4.290992e+09 
47 4532 -2.900028e+09 
47 4533 -9.881722e+09 
47 4534 3.679288e+09 
47 4657 -6.545865e+09 
47 4658 -2.836164e+09 
47 4659 -1.123688e+10 
47 4660 2.961973e+09 
48 47 -9.050691e+08 
48 48 3.140683e+10 
48 4531 -2.900028e+09 
48 4532 -8.212649e+09 
48 4533 3.679288e+09 
48 4534 -5.217122e+09 
48 4657 -2.836164e+09 
48 4658 -1.042881e+10 
48 4659 2.961973e+09 
48 4660 -7.548252e+09 
49 49 3.638864e+10 
49 50 -8.723743e+08 
49 1413 -1.038784e+09 
49 1414 -1.951988e+09 
49 2263 -1.296376e+10 
49 2264 2.334378e+09 
49 4411 -1.399416e+10 
49 4412 2.019167e+09 
49 4467 -8.391928e+09 
49 4468 -1.529183e+09 
50 49 -8.723743e+08 
50 50 3.007723e+10 
50 1413 -1.951988e+09 
50 1414 -6.738099e+09 
50 2263 2.334378e+09 
50 2264 -4.696903e+09 
50 4411 2.019167e+09 
50 4412 -6.559528e+09 
50 4467 -1.529183e+09 
50 4468 -1.208270e+10 
51 51 3.176241e+10 
51 52 8.890973e+08 
51 1305 -7.434761e+09 
51 1306 -3.969586e+09 
51 2807 -6.742549e+09 
51 2808 3.865188e+09 
51 4209 -7.978889e+09 
51 4210 -3.756101e+09 
51 4215 -9.606208e+09 
51 4216 2.971402e+09 
52 51 8.890973e+08 
52 52 3.153175e+10 
52 1305 -3.969586e+09 
52 1306 -8.445249e+09 
52 2807 3.865188e+09 
52 2808 -5.546344e+09 
52 4209 -3.756101e+09 
52 4210 -8.920701e+09 
52 4215 2.971402e+09 
52 4216 -8.619460e+09 
53 7 -8.445072e+09 
53 8 4.641144e+08 
53 53 1.611428e+10 
53 54 -2.067196e+09 
53 2241 -4.265731e+08 
53 2242 -3.009265e+09 
53 4571 -2.309402e+09 
53 4572 3.041636e+08 
53 4573 -4.933229e+09 
53 4574 4.308182e+09 
54 7 8.384729e+08 
54 8 -2.270765e+09 
54 53 -2.067196e+09 
54 54 1.470150e+10 
54 2241 -3.009265e+09 
54 2242 -4.660849e+09 
54 4571 -7.019497e+07 
54 4572 1.421999e+09 
54 4573 4.308182e+09 
54 4574 -9.191884e+09 
55 55 3.275372e+10 
55 56 1.917969e+09 
55 1269 -7.430730e+09 
55 1270 2.669115e+09 
55 3351 -3.414232e+09 
55 3352 2.904311e+09 
55 3769 -1.039767e+10 
55 3770 -4.031801e+09 
55 3981 -1.151109e+10 
55 3982 -3.459594e+09 
56 55 1.917969e+09 
56 56 3.153328e+10 
56 1269 2.669115e+09 
56 1270 -1.063038e+10 
56 3351 2.904311e+09 
56 3352 -6.763540e+09 
56 3769 -4.031801e+09 
56 3770 -6.176789e+09 
56 3981 -3.459594e+09 
56 3982 -7.962572e+09 
57 57 1.361483e+10 
57 58 -1.951140e+09 
57 2157 -4.635731e+09 
57 2158 8.518647e+07 
57 3035 -9.861536e+08 
57 3036 -2.932741e+09 
57 3037 -5.583672e+09 
57 3038 4.611515e+09 
57 3039 -2.409276e+09 
57 3040 1.871793e+08 
58 57 -1.951140e+09 
58 58 1.548708e+10 
58 2157 4.595450e+08 
58 2158 -2.794567e+08 
58 3035 -2.932741e+09 
58 3036 -6.199694e+09 
58 3037 4.611515e+09 
58 3038 -1.034814e+10 
58 3039 -1.871793e+08 
58 3040 1.340207e+09 
59 59 1.370531e+10 
59 60 2.366463e+09 
59 423 -5.672468e+09 
59 424 -4.340330e+09 
59 1977 -3.607816e+09 
59 1978 -1.585509e+09 
59 2737 -4.164026e+09 
59 2738 -1.605609e+07 
59 2739 -2.610013e+08 
59 2740 3.575432e+09 
60 59 2.366463e+09 
60 60 1.654569e+10 
60 423 -4.340330e+09 
60 424 -1.241139e+10 
60 1977 -1.211151e+09 
60 1978 -4.822834e+08 
60 2737 -3.904146e+08 
60 2738 2.191131e+07 
60 2739 3.575432e+09 
60 2740 -3.673927e+09 
61 61 1.960839e+10 
61 62 -6.616547e+08 
61 497 -3.737995e+09 
61 498 2.555438e+09 
61 3747 -9.367703e+09 
61 3748 -3.616351e+09 
61 3749 -1.115310e+10 
61 3750 1.042049e+09 
61 3753 4.650412e+09 
61 3754 6.805182e+08 
62 61 -6.616547e+08 
62 62 1.499944e+10 
62 497 2.929797e+09 
62 498 -6.262460e+09 
62 3747 -3.616351e+09 
62 3748 -6.774015e+09 
62 3749 1.042049e+09 
62 3750 -2.313126e+09 
62 3753 3.061597e+08 
62 3754 3.501600e+08 
63 63 1.555570e+10 
63 64 -2.557877e+09 
63 1017 -8.225326e+09 
63 1018 4.903751e+09 
63 2099 -3.325397e+09 
63 2100 1.389027e+09 
63 3521 1.299090e+09 
63 3522 -3.197726e+09 
63 3523 -5.304065e+09 
63 3524 -5.371741e+08 
64 63 -2.557877e+09 
64 64 1.633821e+10 
64 1017 4.903751e+09 
64 1018 -1.191880e+10 
64 2099 1.014668e+09 
64 2100 -6.545649e+07 
64 3521 -3.197726e+09 
64 3522 -3.677437e+09 
64 3523 -1.628156e+08 
64 3524 -6.765172e+08 
65 65 1.250521e+10 
65 66 -7.290218e+08 
65 773 -3.602213e+09 
65 774 1.142683e+09 
65 2065 -2.921918e+09 
65 2066 -2.595984e+07 
65 2763 -2.712349e+09 
65 2764 -3.834516e+09 
65 2765 -3.268727e+09 
65 2766 3.446815e+09 
66 65 -7.290218e+08 
66 66 1.579733e+10 
66 773 7.683245e+08 
66 774 1.265870e+07 
66 2065 3.483987e+08 
66 2066 9.017481e+08 
66 2763 -3.834516e+09 
66 2764 -6.291700e+09 
66 2765 3.446815e+09 
66 2766 -1.042004e+10 
67 67 1.248322e+10 
67 68 1.078890e+09 
67 1313 -6.415440e+09 
67 1314 -3.959102e+09 
67 2011 -1.092265e+09 
67 2012 1.055301e+08 
67 2841 -3.778199e+09 
67 2842 3.556201e+09 
67 3753 -1.197317e+09 
67 3754 -7.815190e+08 
68 67 1.078890e+09 
68 68 1.597840e+10 
68 1313 -3.959102e+09 
68 1314 -2.933104e+09 
68 2011 -2.688285e+08 
68 2012 -6.161261e+09 
68 2841 3.556201e+09 
68 2842 -7.204221e+08 
68 3753 -4.071605e+08 
68 3754 -6.163611e+09 
69 69 1.484150e+10 
69 70 1.867518e+09 
69 951 -6.565656e+08 
69 952 -1.442290e+09 
69 1963 -1.075359e+10 
69 1964 -2.735030e+09 
69 3245 -1.897621e+09 
69 3246 3.849095e+09 
69 3247 -1.533725e+09 
69 3248 -1.539293e+09 
70 69 1.867518e+09 
70 70 1.435847e+10 
70 951 -1.816649e+09 
70 952 -3.223830e+09 
70 1963 -2.735030e+09 
70 1964 -3.249445e+09 
70 3245 3.849095e+09 
70 3246 -1.995678e+09 
70 3247 -1.164935e+09 
70 3248 -5.889521e+09 
71 71 3.389538e+10 
71 72 3.820927e+09 
71 1595 -1.045170e+10 
71 1596 -4.411256e+09 
71 3899 -1.061205e+10 
71 3900 2.417138e+09 
71 4547 -8.923331e+09 
71 4548 -4.999640e+09 
71 4553 -3.908306e+09 
71 4554 3.172831e+09 
72 71 3.820927e+09 
72 72 3.341845e+10 
72 1595 -4.411256e+09 
72 1596 -1.109844e+10 
72 3899 2.417138e+09 
72 3900 -9.575542e+09 
72 4547 -4.999640e+09 
72 4548 -9.778337e+09 
72 4553 3.172831e+09 
72 4554 -2.966129e+09 
73 73 3.241846e+10 
73 74 -3.778787e+09 
73 1849 -1.176489e+10 
73 1850 4.099749e+09 
73 2335 -5.535988e+09 
73 2336 -2.753279e+09 
73 3155 -9.258279e+09 
73 3156 5.346392e+09 
73 3157 -5.859300e+09 
73 3158 -2.914076e+09 
74 73 -3.778787e+09 
74 74 3.351283e+10 
74 1849 4.099749e+09 
74 1850 -1.186685e+10 
74 2335 -2.753279e+09 
74 2336 -6.090573e+09 
74 3155 5.346392e+09 
74 3156 -9.109135e+09 
74 3157 -2.914076e+09 
74 3158 -6.446274e+09 
75 1 -8.806729e+09 
75 2 -2.203326e+08 
75 75 1.677715e+10 
75 76 2.174105e+09 
75 337 -5.638379e+09 
75 338 -4.641716e+09 
75 2039 2.486099e+08 
75 2040 2.744819e+09 
75 3611 -2.580655e+09 
75 3612 -5.687489e+07 
76 1 -5.946911e+08 
76 2 -2.369477e+09 
76 75 2.174105e+09 
76 76 1.431438e+10 
76 337 -4.641716e+09 
76 338 -8.547022e+09 
76 2039 2.744819e+09 
76 2040 -4.582016e+09 
76 3611 3.174837e+08 
76 3612 1.184136e+09 
77 77 3.467019e+10 
77 78 1.930940e+09 
77 1289 -9.747501e+09 
77 1290 -4.032090e+09 
77 2759 -5.915805e+09 
77 2760 3.714806e+09 
77 3479 -8.181673e+09 
77 3480 -4.226714e+09 
77 4825 -1.082521e+10 
77 4826 2.613058e+09 
78 77 1.930940e+09 
78 78 3.046369e+10 
78 1289 -4.032090e+09 
78 1290 -9.191308e+09 
78 2759 3.714806e+09 
78 2760 -4.471923e+09 
78 3479 -4.226714e+09 
78 3480 -7.866061e+09 
78 4825 2.613058e+09 
78 4826 -8.934395e+09 
79 79 1.425662e+10 
79 80 -1.498731e+09 
79 293 -6.853374e+09 
79 294 4.472421e+09 
79 1823 -2.621632e+09 
79 1824 9.108444e+08 
79 2279 -9.633811e+07 
79 2280 -2.918071e+09 
79 3407 -4.685278e+09 
79 3408 -9.664631e+08 
80 79 -1.498731e+09 
80 80 1.608489e+10 
80 293 4.472421e+09 
80 294 -1.038542e+10 
80 1823 5.364859e+08 
80 1824 8.967539e+08 
80 2279 -2.918071e+09 
80 2280 -6.091215e+09 
80 3407 -5.921045e+08 
80 3408 -5.050088e+08 
81 81 3.407904e+10 
81 82 -2.234349e+09 
81 2317 -1.047885e+10 
81 2318 4.503137e+09 
81 2763 -2.497289e+09 
81 2764 -3.059246e+09 
81 3543 -1.251284e+10 
81 3544 2.924103e+09 
81 3545 -8.590071e+09 
81 3546 -2.133646e+09 
82 81 -2.234349e+09 
82 82 3.295626e+10 
82 2317 4.503137e+09 
82 2318 -5.793324e+09 
82 2763 -3.059246e+09 
82 2764 -6.080694e+09 
82 3543 2.924103e+09 
82 3544 -9.707901e+09 
82 3545 -2.133646e+09 
82 3546 -1.137434e+10 
83 83 3.627986e+10 
83 84 -1.533025e+09 
83 2843 -1.387100e+10 
83 2844 2.142552e+09 
83 2853 -7.508824e+09 
83 2854 -1.215454e+09 
83 3739 -1.400091e+10 
83 3740 2.100676e+09 
83 3741 -8.991300e+08 
83 3742 -1.494750e+09 
84 83 -1.533025e+09 
84 84 2.996540e+10 
84 2843 2.142552e+09 
84 2844 -5.497673e+09 
84 2853 -1.215454e+09 
84 2854 -1.207034e+10 
84 3739 2.100676e+09 
84 3740 -5.786321e+09 
84 3741 -1.494750e+09 
84 3742 -6.611060e+09 
85 85 1.367639e+10 
85 86 3.103367e+09 
85 763 -1.493827e+09 
85 764 4.845925e+06 
85 1261 -7.906283e+09 
85 1262 -4.515401e+09 
85 2233 -3.055200e+09 
85 2234 -2.071277e+09 
85 2235 -1.221077e+09 
85 2236 3.478464e+09 
86 85 3.103367e+09 
86 86 1.898999e+10 
86 763 -3.695126e+08 
86 764 -6.957378e+09 
86 1261 -4.515401e+09 
86 1262 -4.672593e+09 
86 2233 -1.696918e+09 
86 2234 -8.536858e+09 
86 2235 3.478464e+09 
86 2236 1.176838e+09 
87 3 0.000000e+00 
87 4 0.000000e+00 
87 87 3.114188e+10 
87 88 3.411509e+09 
87 213 0.000000e+00 
87 214 0.000000e+00 
87 1161 -1.027030e+10 
87 1162 -4.748479e+09 
87 1801 -2.556344e+09 
87 1802 3.344328e+09 
87 2191 -4.626147e+09 
87 2192 -5.084230e+08 
88 3 0.000000e+00 
88 4 0.000000e+00 
88 87 3.411509e+09 
88 88 3.323700e+10 
88 213 0.000000e+00 
88 214 0.000000e+00 
88 1161 -4.748479e+09 
88 1162 -9.714776e+09 
88 1801 3.344328e+09 
88 1802 -8.504354e+09 
88 2191 -5.084230e+08 
88 2192 2.698227e+09 
89 89 4.058430e+10 
89 90 -3.503406e+09 
89 589 -1.170923e+10 
89 590 6.097129e+09 
89 2229 -4.365230e+09 
89 2230 -2.210062e+09 
89 3175 -4.014411e+09 
89 3176 -2.032446e+09 
89 3177 -2.049543e+10 
89 3178 1.648784e+09 
90 89 -3.503406e+09 
90 90 6.990457e+10 
90 589 6.097129e+09 
90 590 -1.760350e+10 
90 2229 -2.210062e+09 
90 2230 -8.823502e+09 
90 3175 -2.032446e+09 
90 3176 -8.114385e+09 
90 3177 1.648784e+09 
90 3178 -3.536318e+10 
91 91 1.245380e+10 
91 92 1.626666e+09 
91 2377 -1.924736e+09 
91 2378 3.701040e+09 
91 3309 -2.898932e+09 
91 3310 -1.470283e+09 
91 3311 -5.056280e+09 
91 3312 -3.765926e+09 
91 4675 -2.573853e+09 
91 4676 -9.149851e+07 
92 91 1.626666e+09 
92 92 1.840191e+10 
92 2377 3.701040e+09 
92 2378 -5.619664e+09 
92 3309 -1.095924e+09 
92 3310 9.941615e+07 
92 3311 -3.765926e+09 
92 3312 -1.404170e+10 
92 4675 -4.658571e+08 
92 4676 1.160037e+09 
93 93 3.495476e+10 
93 94 -8.349719e+08 
93 2077 -1.285598e+10 
93 2078 4.789999e+08 
93 4931 -8.843838e+09 
93 4932 8.114358e+07 
93 4933 -1.234637e+10 
93 4934 4.743242e+08 
93 4945 -9.085640e+08 
93 4946 -1.994958e+08 
94 93 -8.349719e+08 
94 94 3.093878e+10 
94 2077 4.789999e+08 
94 2078 -4.886210e+09 
94 4931 8.114358e+07 
94 4932 -1.274193e+10 
94 4933 4.743242e+08 
94 4934 -4.151987e+09 
94 4945 -1.994958e+08 
94 4946 -9.158646e+09 
95 95 1.338699e+10 
95 96 1.254915e+09 
95 1091 -4.307135e+09 
95 1092 -3.490583e+09 
95 1179 -2.561113e+09 
95 1180 3.585681e+09 
95 1367 -1.084163e+09 
95 1368 -1.952612e+08 
95 4295 -5.434581e+09 
95 4296 -1.154752e+09 
96 95 1.254915e+09 
96 96 1.752379e+10 
96 1091 -3.490583e+09 
96 1092 -1.227779e+10 
96 1179 3.585681e+09 
96 1180 -6.850750e+09 
96 1367 -5.696198e+08 
96 1368 2.624209e+09 
96 4295 -7.803936e+08 
96 4296 -1.019451e+09 
97 97 1.427384e+10 
97 98 -8.138448e+08 
97 1343 -5.632324e+09 
97 1344 4.264517e+09 
97 2045 -2.904852e+09 
97 2046 4.159193e+08 
97 2483 -4.895767e+08 
97 2484 -2.786536e+09 
97 2485 -5.247086e+09 
97 2486 -1.080056e+09 
98 97 -8.138448e+08 
98 98 1.447139e+10 
98 1343 4.264517e+09 
98 1344 -7.940818e+09 
98 2045 4.156074e+07 
98 2046 9.028436e+08 
98 2483 -2.786536e+09 
98 2484 -6.557394e+09 
98 2485 -7.056971e+08 
98 2486 -8.760257e+08 
99 99 3.347469e+10 
99 100 5.290103e+08 
99 1359 -2.602911e+09 
99 1360 -1.789348e+09 
99 2365 -1.177404e+10 
99 2366 1.605903e+09 
99 3521 -1.272721e+10 
99 3522 1.332906e+09 
99 3523 -6.370535e+09 
99 3524 -1.678471e+09 
100 99 5.290103e+08 
100 100 3.026396e+10 
100 1359 -1.789348e+09 
100 1360 -8.955422e+09 
100 2365 1.605903e+09 
100 2366 -3.877308e+09 
100 3521 1.332906e+09 
100 3522 -5.713145e+09 
100 3523 -1.678471e+09 
100 3524 -1.171809e+10 
101 101 1.290005e+10 
101 102 -7.767297e+08 
101 491 -2.543184e+09 
101 492 -2.601373e+09 
101 635 -5.060231e+09 
101 636 4.552778e+09 
101 1849 -1.161975e+09 
101 1850 -1.374008e+08 
101 3149 -4.134658e+09 
101 3150 -1.037274e+09 
102 101 -7.767297e+08 
102 102 1.797343e+10 
102 491 -2.601373e+09 
102 492 -1.080109e+10 
102 635 4.552778e+09 
102 636 -9.495522e+09 
102 1849 -5.117593e+08 
102 1850 2.555301e+09 
102 3149 -6.629152e+08 
102 3150 -2.321200e+08 
103 103 1.369449e+10 
103 104 2.328921e+09 
103 1575 -4.444021e+09 
103 1576 -3.916797e+09 
103 2361 -7.215490e+08 
103 2362 3.680817e+09 
103 2889 -4.255720e+09 
103 2890 -1.621442e+09 
103 4065 -4.273201e+09 
103 4066 -4.714999e+08 
104 103 2.328921e+09 
104 104 1.555619e+10 
104 1575 -3.916797e+09 
104 1576 -1.156794e+10 
104 2361 3.680817e+09 
104 2362 -2.925700e+09 
104 2889 -1.247083e+09 
104 2890 -8.632607e+08 
104 4065 -8.458585e+08 
104 4066 -1.992907e+08 
105 105 1.284770e+10 
105 106 -6.940876e+08 
105 1003 -3.420237e+09 
105 1004 1.289942e+09 
105 2057 -1.689805e+09 
105 2058 1.561562e+09 
105 2131 -4.056327e+09 
105 2132 -3.943280e+09 
105 2133 -3.681334e+09 
105 2134 1.785864e+09 
106 105 -6.940876e+08 
106 106 1.513693e+10 
106 1003 9.155831e+08 
106 1004 -1.337076e+07 
106 2057 1.561562e+09 
106 2058 -1.073885e+10 
106 2131 -3.943280e+09 
106 2132 -2.817567e+09 
106 2133 2.160223e+09 
106 2134 -1.567141e+09 
107 107 1.393391e+10 
107 108 -3.537243e+09 
107 2401 -1.973053e+09 
107 2402 -2.402358e+08 
107 2403 -9.168304e+09 
107 2404 6.058737e+09 
107 2977 -9.430408e+08 
107 2978 -1.166173e+09 
107 2979 -1.849512e+09 
107 2980 -1.115085e+09 
108 107 -3.537243e+09 
108 108 1.850519e+10 
108 2401 -6.145943e+08 
108 2402 1.645406e+09 
108 2403 6.058737e+09 
108 2404 -1.187623e+10 
108 2977 -1.166173e+09 
108 2978 -9.650746e+09 
108 2979 -7.407268e+08 
108 2980 1.376374e+09 
109 109 2.969851e+10 
109 110 -5.703555e+08 
109 3679 -8.119799e+09 
109 3680 4.160755e+09 
109 3949 -6.649248e+09 
109 3950 -3.877117e+09 
109 3953 -8.306096e+09 
109 3954 3.429928e+09 
109 3971 -6.623373e+09 
109 3972 -3.143210e+09 
110 109 -5.703555e+08 
110 110 3.365384e+10 
110 3679 4.160755e+09 
110 3680 -7.616235e+09 
110 3949 -3.877117e+09 
110 3950 -9.119789e+09 
110 3953 3.429928e+09 
110 3954 -8.117998e+09 
110 3971 -3.143210e+09 
110 3972 -8.799814e+09 
111 111 1.321845e+10 
111 112 2.099500e+08 
111 1111 -4.903106e+09 
111 1112 -4.090141e+09 
111 1591 -1.667496e+09 
111 1592 2.724821e+09 
111 2357 -2.254155e+09 
111 2358 -1.836065e+08 
111 3407 -4.393694e+09 
111 3408 1.338976e+09 
112 111 2.099500e+08 
112 112 1.556838e+10 
112 1111 -4.090141e+09 
112 1112 -7.560286e+09 
112 1591 2.724821e+09 
112 1592 -8.861727e+09 
112 2357 1.907520e+08 
112 2358 1.478912e+09 
112 3407 9.646177e+08 
112 3408 -6.252810e+08 
113 113 1.559538e+10 
113 114 -1.058512e+09 
113 1135 -8.924346e+09 
113 1136 4.415296e+09 
113 1221 -7.387506e+09 
113 1222 -2.806057e+09 
113 2213 -2.812523e+08 
113 2214 -7.123191e+08 
113 2517 9.977278e+08 
113 2518 1.615924e+08 
114 113 -1.058512e+09 
114 114 1.338287e+10 
114 1135 4.415296e+09 
114 1136 -5.634459e+09 
114 1221 -2.806057e+09 
114 1222 -8.459690e+08 
114 2213 -1.086678e+09 
114 2214 -4.157912e+09 
114 2517 5.359509e+08 
114 2518 -2.744529e+09 
115 115 3.106679e+10 
115 116 -1.872840e+09 
115 1449 -6.687047e+09 
115 1450 4.187575e+09 
115 4967 -1.014884e+10 
115 4968 -2.868982e+09 
115 4983 -8.106655e+09 
115 4984 3.665850e+09 
115 4991 -6.124245e+09 
115 4992 -3.111603e+09 
116 115 -1.872840e+09 
116 116 3.334137e+10 
116 1449 4.187575e+09 
116 1450 -1.026295e+10 
116 4967 -2.868982e+09 
116 4968 -8.053227e+09 
116 4983 3.665850e+09 
116 4984 -1.129122e+10 
116 4991 -3.111603e+09 
116 4992 -3.733966e+09 
117 117 3.184589e+10 
117 118 -2.788881e+09 
117 1979 -5.288191e+09 
117 1980 -3.403366e+09 
117 3159 -1.108638e+10 
117 3160 -2.081932e+09 
117 4309 -7.850561e+09 
117 4310 4.063142e+09 
117 4821 -7.620761e+09 
117 4822 4.211037e+09 
118 117 -2.788881e+09 
118 118 3.417630e+10 
118 1979 -3.403366e+09 
118 1980 -2.841401e+09 
118 3159 -2.081932e+09 
118 3160 -9.660225e+09 
118 4309 4.063142e+09 
118 4310 -1.089908e+10 
118 4821 4.211037e+09 
118 4822 -1.077560e+10 
119 119 1.287853e+10 
119 120 1.393998e+09 
119 769 -2.898932e+09 
119 770 -1.095924e+09 
119 2061 -2.329656e+09 
119 2062 3.904252e+09 
119 2893 -3.397193e+09 
119 2894 -2.830993e+09 
119 2895 -4.252750e+09 
119 2896 -1.371333e+09 
120 119 1.393998e+09 
120 120 1.573137e+10 
120 769 -1.470283e+09 
120 770 9.941615e+07 
120 2061 3.904252e+09 
120 2062 -3.354536e+09 
120 2893 -2.830993e+09 
120 2894 -1.189560e+10 
120 2895 -9.969740e+08 
120 2896 -5.806498e+08 
121 121 3.073237e+10 
121 122 1.203277e+09 
121 2477 -6.164778e+09 
121 2478 -3.274417e+09 
121 3809 -1.065857e+10 
121 3810 2.587492e+09 
121 4101 -6.140387e+09 
121 4102 -3.280339e+09 
121 4103 -7.768638e+09 
121 4104 2.763988e+09 
122 121 1.203277e+09 
122 122 3.259304e+10 
122 2477 -3.274417e+09 
122 2478 -1.110909e+10 
122 3809 2.587492e+09 
122 3810 -6.775367e+09 
122 4101 -3.280339e+09 
122 4102 -1.109358e+10 
122 4103 2.763988e+09 
122 4104 -3.615001e+09 
123 123 3.681051e+10 
123 124 3.809247e+09 
123 727 -1.153655e+10 
123 728 -4.420484e+09 
123 4275 -1.075840e+10 
123 4276 1.964375e+09 
123 4277 -1.228788e+10 
123 4278 -4.628760e+09 
123 4279 -2.227676e+09 
123 4280 3.275623e+09 
124 123 3.809247e+09 
124 124 3.168147e+10 
124 727 -4.420484e+09 
124 728 -8.158809e+09 
124 4275 1.964375e+09 
124 4276 -1.094792e+10 
124 4277 -4.628760e+09 
124 4278 -8.733843e+09 
124 4279 3.275623e+09 
124 4280 -3.840904e+09 
125 125 2.857562e+10 
125 126 -1.052237e+09 
125 245 -6.505074e+09 
125 246 2.457478e+09 
125 1197 -5.696935e+09 
125 1198 2.658025e+09 
125 2029 -7.300572e+09 
125 2030 -1.811705e+09 
125 2877 -9.073042e+09 
125 2878 -2.251560e+09 
126 125 -1.052237e+09 
126 126 3.675887e+10 
126 245 2.457478e+09 
126 246 -1.455036e+10 
126 1197 2.658025e+09 
126 1198 -1.415276e+10 
126 2029 -1.811705e+09 
126 2030 -3.591848e+09 
126 2877 -2.251560e+09 
126 2878 -4.463895e+09 
127 9 0.000000e+00 
127 10 0.000000e+00 
127 11 -6.868056e+09 
127 12 3.247308e+09 
127 127 1.720306e+10 
127 128 3.453423e+08 
127 545 -6.305024e+09 
127 546 8.936822e+08 
127 2089 -9.488741e+09 
127 2090 -3.966405e+09 
127 2799 2.667076e+09 
127 2800 8.304746e+07 
128 9 0.000000e+00 
128 10 0.000000e+00 
128 11 3.247308e+09 
128 12 -6.777011e+09 
128 127 3.453423e+08 
128 128 1.356627e+10 
128 545 8.936822e+08 
128 546 1.309985e+09 
128 2089 -3.966405e+09 
128 2090 -6.049355e+09 
128 2799 -2.913111e+08 
128 2800 -1.114761e+09 
129 129 1.395476e+10 
129 130 -5.064509e+08 
129 833 -1.840073e+09 
129 834 2.011798e+09 
129 905 -1.777581e+09 
129 906 6.166394e+08 
129 1195 -5.195062e+09 
129 1196 -3.758212e+09 
129 3581 -5.142046e+09 
129 3582 1.636226e+09 
130 129 -5.064509e+08 
130 130 1.445711e+10 
130 833 1.637439e+09 
130 834 -5.193995e+08 
130 905 6.166394e+08 
130 906 -1.013159e+10 
130 1195 -3.758212e+09 
130 1196 -2.031597e+09 
130 3581 2.010584e+09 
130 3582 -1.774518e+09 
131 131 3.324384e+10 
131 132 1.928124e+09 
131 2311 -3.903192e+09 
131 2312 3.171467e+09 
131 2831 -1.003197e+10 
131 2832 -4.278909e+09 
131 3613 -1.109865e+10 
131 3614 -3.742355e+09 
131 3617 -8.210028e+09 
131 3618 2.921673e+09 
132 131 1.928124e+09 
132 132 3.116824e+10 
132 2311 3.171467e+09 
132 2312 -5.955582e+09 
132 2831 -4.278909e+09 
132 2832 -6.907340e+09 
132 3613 -3.742355e+09 
132 3614 -8.311797e+09 
132 3617 2.921673e+09 
132 3618 -9.993518e+09 
133 133 3.191225e+10 
133 134 2.863358e+07 
133 1403 -5.526834e+09 
133 1404 1.855573e+08 
133 3445 -1.165483e+10 
133 3446 -2.292168e+08 
133 4097 -2.748846e+09 
133 4098 2.262816e+08 
133 4799 -1.198173e+10 
133 4800 -2.112557e+08 
134 133 2.863358e+07 
134 134 3.099793e+10 
134 1403 1.855573e+08 
134 1404 -1.196461e+10 
134 3445 -2.292168e+08 
134 3446 -3.746946e+09 
134 4097 2.262816e+08 
134 4098 -1.058989e+10 
134 4799 -2.112557e+08 
134 4800 -4.696493e+09 
135 135 1.763482e+10 
135 136 -4.353389e+09 
135 2517 -1.765557e+09 
135 2518 1.895495e+09 
135 2927 -1.434123e+10 
135 2928 5.170973e+09 
135 2929 -1.426206e+09 
135 2930 -3.427441e+09 
135 2933 -1.018337e+08 
135 2934 7.143629e+08 
136 135 -4.353389e+09 
136 136 1.547259e+10 
136 2517 1.521136e+09 
136 2518 -5.533680e+09 
136 2927 5.170973e+09 
136 2928 -7.097957e+09 
136 2929 -3.427441e+09 
136 2930 1.015784e+09 
136 2933 1.088721e+09 
136 2934 -3.856732e+09 
137 137 1.346624e+10 
137 138 -1.051430e+09 
137 2065 -4.450253e+09 
137 2066 9.398324e+08 
137 3541 -1.855184e+09 
137 3542 -3.757592e+09 
137 3543 -2.969807e+09 
137 3544 3.626155e+09 
137 4429 -4.191001e+09 
137 4430 2.430344e+08 
138 137 -1.051430e+09 
138 138 1.398181e+10 
138 2065 5.654739e+08 
138 2066 -3.555130e+08 
138 3541 -3.757592e+09 
138 3542 -4.753940e+09 
138 3543 3.626155e+09 
138 3544 -8.821075e+09 
138 4429 6.173930e+08 
138 4430 -5.128368e+07 
139 139 3.236270e+10 
139 140 -3.306276e+09 
139 1699 -5.921647e+09 
139 1700 3.770869e+09 
139 3113 -7.075596e+09 
139 3114 -2.164470e+09 
139 3743 -7.470193e+09 
139 3744 3.159215e+09 
139 3931 -1.189527e+10 
139 3932 -1.459337e+09 
140 139 -3.306276e+09 
140 140 3.347635e+10 
140 1699 3.770869e+09 
140 1700 -1.215335e+10 
140 3113 -2.164470e+09 
140 3114 -1.821525e+09 
140 3743 3.159215e+09 
140 3744 -1.228936e+10 
140 3931 -1.459337e+09 
140 3932 -7.212111e+09 
141 141 3.127864e+10 
141 142 3.275734e+09 
141 3355 -6.521963e+09 
141 3356 -3.738002e+09 
141 3979 -5.441792e+09 
141 3980 2.327234e+09 
141 4157 -7.464051e+09 
141 4158 -3.520997e+09 
141 4159 -1.185083e+10 
141 4160 1.656031e+09 
142 141 3.275734e+09 
142 142 3.623898e+10 
142 3355 -3.738002e+09 
142 3356 -1.307591e+10 
142 3979 2.327234e+09 
142 3980 -1.070291e+09 
142 4157 -3.520997e+09 
142 4158 -1.359706e+10 
142 4159 1.656031e+09 
142 4160 -8.495712e+09 
143 143 3.008858e+10 
143 144 8.738304e+08 
143 2147 -6.085505e+09 
143 2148 1.326995e+09 
143 3077 -4.808252e+09 
143 3078 -1.763190e+09 
143 3079 -1.250185e+10 
143 3080 9.145747e+08 
143 4425 -6.692975e+09 
143 4426 -1.352210e+09 
144 143 8.738304e+08 
144 144 3.878637e+10 
144 2147 1.326995e+09 
144 2148 1.816689e+08 
144 3077 -1.763190e+09 
144 3078 -1.486406e+10 
144 3079 9.145747e+08 
144 3080 -9.296180e+09 
144 4425 -1.352210e+09 
144 4426 -1.480780e+10 
145 145 3.041191e+10 
145 146 -6.807805e+08 
145 1407 -1.154128e+10 
145 1408 -1.925460e+09 
145 3263 -6.840507e+09 
145 3264 2.046112e+09 
145 4583 -7.760084e+09 
145 4584 -2.010103e+09 
145 4585 -4.270045e+09 
145 4586 2.570232e+09 
146 145 -6.807805e+08 
146 146 3.411183e+10 
146 1407 -1.925460e+09 
146 1408 -6.626959e+09 
146 3263 2.046112e+09 
146 3264 -1.314970e+10 
146 4583 -2.010103e+09 
146 4584 -2.385743e+09 
146 4585 2.570232e+09 
146 4586 -1.194943e+10 
147 147 3.177833e+10 
147 148 5.805980e+08 
147 1381 -1.165429e+10 
147 1382 -8.983675e+08 
147 1911 -7.238523e+09 
147 1912 4.779678e+08 
147 4645 -1.069302e+10 
147 4646 -9.412679e+08 
147 4699 -2.192491e+09 
147 4700 7.810695e+08 
148 147 5.805980e+08 
148 148 3.220063e+10 
148 1381 -8.983675e+08 
148 1382 -4.953288e+09 
148 1911 4.779678e+08 
148 1912 -1.343820e+10 
148 4645 -9.412679e+08 
148 4646 -3.374483e+09 
148 4699 7.810695e+08 
148 4700 -1.043466e+10 
149 149 3.330696e+10 
149 150 -2.243556e+09 
149 2149 -1.176776e+10 
149 2150 3.180847e+09 
149 2845 -8.026962e+09 
149 2846 -1.967752e+09 
149 2851 -1.104317e+10 
149 2852 3.878553e+09 
149 2859 -2.469067e+09 
149 2860 -2.848092e+09 
150 149 -2.243556e+09 
150 150 3.185155e+10 
150 2149 3.180847e+09 
150 2150 -7.646024e+09 
150 2845 -1.967752e+09 
150 2846 -1.146542e+10 
150 2851 3.878553e+09 
150 2852 -5.825426e+09 
150 2859 -2.848092e+09 
150 2860 -6.914680e+09 
151 151 1.521853e+10 
151 152 -1.107224e+09 
151 2029 -1.439320e+08 
151 2030 -1.608626e+09 
151 2031 -1.130808e+10 
151 2032 9.983178e+08 
151 2431 -2.778681e+09 
151 2432 3.790412e+09 
151 4613 -9.878376e+08 
151 4614 -2.072879e+09 
152 151 -1.107224e+09 
152 152 1.287699e+10 
152 2029 -1.982985e+09 
152 2030 -1.321452e+09 
152 2031 9.983178e+08 
152 2032 -1.912797e+09 
152 2431 3.790412e+09 
152 2432 -7.111379e+09 
152 4613 -1.698521e+09 
152 4614 -2.531360e+09 
153 153 3.107155e+10 
153 154 3.491137e+09 
153 563 -4.800309e+09 
153 564 -1.432409e+09 
153 1649 -7.602908e+09 
153 1650 1.102223e+07 
153 3429 -1.275367e+10 
153 3430 -7.662048e+08 
153 4597 -5.914660e+09 
153 4598 -1.303545e+09 
154 153 3.491137e+09 
154 154 3.696302e+10 
154 563 -1.432409e+09 
154 564 -1.470660e+10 
154 1649 1.102223e+07 
154 1650 -3.282975e+08 
154 3429 -7.662048e+08 
154 3430 -8.455240e+09 
154 4597 -1.303545e+09 
154 4598 -1.347289e+10 
155 155 3.043125e+10 
155 156 -7.099263e+08 
155 1665 -8.469414e+09 
155 1666 2.682379e+09 
155 2295 -7.029221e+09 
155 2296 -1.593550e+09 
155 3979 -3.804069e+09 
155 3980 -2.615000e+09 
155 4157 -1.112855e+10 
155 4158 2.236098e+09 
156 155 -7.099263e+08 
156 156 3.454978e+10 
156 1665 2.682379e+09 
156 1666 -3.005525e+09 
156 2295 -1.593550e+09 
156 2296 -1.265599e+10 
156 3979 -2.615000e+09 
156 3980 -1.151149e+10 
156 4157 2.236098e+09 
156 4158 -7.376776e+09 
157 157 3.378350e+10 
157 158 7.220596e+08 
157 1525 -1.080891e+10 
157 1526 2.852015e+09 
157 2775 -5.522144e+09 
157 2776 -3.934673e+09 
157 2907 -8.991864e+09 
157 2908 3.476177e+09 
157 4189 -8.460575e+09 
157 4190 -3.115578e+09 
158 157 7.220596e+08 
158 158 3.014771e+10 
158 1525 2.852015e+09 
158 1526 -7.077829e+09 
158 2775 -3.934673e+09 
158 2776 -8.106694e+09 
158 2907 3.476177e+09 
158 2908 -4.968819e+09 
158 4189 -3.115578e+09 
158 4190 -9.994366e+09 
159 159 3.034268e+10 
159 160 8.983691e+08 
159 1369 -1.308366e+10 
159 1370 1.525829e+08 
159 1923 -5.716816e+09 
159 1924 -7.863583e+08 
159 3235 -4.336946e+09 
159 3236 4.122812e+08 
159 3237 -7.205264e+09 
159 3238 -6.768749e+08 
160 159 8.983691e+08 
160 160 4.451450e+10 
160 1369 1.525829e+08 
160 1370 -1.092217e+10 
160 1923 -7.863583e+08 
160 1924 -1.784106e+10 
160 3235 4.122812e+08 
160 3236 1.920958e+09 
160 3237 -6.768749e+08 
160 3238 -1.767222e+10 
161 161 3.117090e+10 
161 162 -1.259360e+09 
161 1259 -6.074043e+09 
161 1260 3.193313e+09 
161 3813 -7.684075e+09 
161 3814 -3.161275e+09 
161 3939 -1.143760e+10 
161 3940 -1.983132e+09 
161 3941 -5.975190e+09 
161 3942 3.210453e+09 
162 161 -1.259360e+09 
162 162 3.331927e+10 
162 1259 3.193313e+09 
162 1260 -1.099456e+10 
162 3813 -3.161275e+09 
162 3814 -2.911856e+09 
162 3939 -1.983132e+09 
162 3940 -8.491682e+09 
162 3941 3.210453e+09 
162 3942 -1.092117e+10 
163 163 3.107991e+10 
163 164 -1.226721e+09 
163 2155 -7.974881e+09 
163 2156 -2.872343e+09 
163 2353 -5.921230e+09 
163 2354 3.339807e+09 
163 2709 -1.086499e+10 
163 2710 -2.437355e+09 
163 3377 -6.318805e+09 
163 3378 3.196611e+09 
164 163 -1.226721e+09 
164 164 3.228287e+10 
164 2155 -2.872343e+09 
164 2156 -3.530299e+09 
164 2353 3.339807e+09 
164 2354 -1.078285e+10 
164 2709 -2.437355e+09 
164 2710 -7.010885e+09 
164 3377 3.196611e+09 
164 3378 -1.095884e+10 
165 165 3.200677e+10 
165 166 2.542198e+09 
165 1177 -9.337950e+09 
165 1178 -5.003883e+09 
165 2599 -3.738616e+09 
165 2600 3.418083e+09 
165 2987 -1.117115e+10 
165 2988 -3.214820e+09 
165 2989 -7.759044e+09 
165 2990 2.258421e+09 
166 165 2.542198e+09 
166 166 3.432191e+10 
166 1177 -5.003883e+09 
166 1178 -7.242922e+09 
166 2599 3.418083e+09 
166 2600 -6.423849e+09 
166 2987 -3.214820e+09 
166 2988 -1.046628e+10 
166 2989 2.258421e+09 
166 2990 -1.018886e+10 
167 45 -1.468008e+10 
167 46 -3.298261e+09 
167 167 2.973692e+10 
167 168 -8.330545e+08 
167 191 -2.071682e+10 
167 192 2.482185e+09 
167 1917 6.594198e+09 
167 1918 -2.108435e+07 
167 2799 -9.342208e+08 
167 2800 1.670215e+09 
168 45 -3.298261e+09 
168 46 -6.841729e+09 
168 167 -8.330545e+08 
168 168 1.474475e+10 
168 191 2.482185e+09 
168 192 -6.591320e+09 
168 1917 -3.954429e+08 
168 1918 1.319904e+09 
168 2799 2.044574e+09 
168 2800 -2.631608e+09 
169 169 2.979371e+10 
169 170 -2.357734e+09 
169 1379 -1.012141e+10 
169 1380 3.499450e+09 
169 3609 -7.081459e+09 
169 3610 4.976689e+09 
169 3611 -6.825864e+09 
169 3612 -3.316967e+09 
169 3613 -5.764976e+09 
169 3614 -2.801438e+09 
170 169 -2.357734e+09 
170 170 3.729448e+10 
170 1379 3.499450e+09 
170 1380 -1.366275e+10 
170 3609 4.976689e+09 
170 3610 -1.048972e+10 
170 3611 -3.316967e+09 
170 3612 -7.124671e+09 
170 3613 -2.801438e+09 
170 3614 -6.017341e+09 
171 171 1.288481e+10 
171 172 8.458441e+07 
171 1823 -3.847410e+09 
171 1824 2.579845e+08 
171 2885 -2.727021e+09 
171 2886 -3.563440e+09 
171 2887 -2.744764e+09 
171 2888 3.845355e+09 
171 2889 -3.565614e+09 
171 2890 -6.244839e+08 
172 171 8.458441e+07 
172 172 1.505455e+10 
172 1823 6.323430e+08 
172 1824 1.629503e+08 
172 2885 -3.563440e+09 
172 2886 -8.259811e+09 
172 2887 3.845355e+09 
172 2888 -7.107934e+09 
172 2889 -9.988425e+08 
172 2890 1.502418e+08 
173 173 1.282541e+10 
173 174 -6.181838e+08 
173 1915 -2.348226e+08 
173 1916 -5.418385e+08 
173 2121 -5.862801e+09 
173 2122 -2.608121e+09 
173 2123 -5.742715e+09 
173 2124 4.409236e+09 
173 3247 -9.850687e+08 
173 3248 -6.410926e+08 
174 173 -6.181838e+08 
174 174 1.489886e+10 
174 1915 -1.674799e+08 
174 1916 -4.528813e+09 
174 2121 -2.608121e+09 
174 2122 1.138466e+08 
174 2123 4.409236e+09 
174 2124 -4.951124e+09 
174 3247 -1.015451e+09 
174 3248 -5.532767e+09 
175 175 3.168240e+10 
175 176 2.245312e+09 
175 2535 -5.803324e+09 
175 2536 -3.943647e+09 
175 4937 -1.116634e+10 
175 4938 2.338214e+09 
175 4959 -8.092603e+09 
175 4960 -3.300280e+09 
175 4963 -6.620128e+09 
175 4964 2.660401e+09 
176 175 2.245312e+09 
176 176 3.339920e+10 
176 2535 -3.943647e+09 
176 2536 -1.096986e+10 
176 4937 2.338214e+09 
176 4938 -7.472643e+09 
176 4959 -3.300280e+09 
176 4960 -1.227661e+10 
176 4963 2.660401e+09 
176 4964 -2.680078e+09 
177 177 1.461711e+10 
177 178 2.752268e+09 
177 2249 -7.704923e+09 
177 2250 -4.503695e+09 
177 2251 -1.089996e+09 
177 2252 2.543179e+09 
177 2529 -5.615643e+09 
177 2530 -2.231979e+08 
177 4571 -2.065524e+08 
177 4572 -5.685536e+08 
178 177 2.752268e+09 
178 178 1.947854e+10 
178 2249 -4.503695e+09 
178 2250 -1.575168e+10 
178 2251 2.543179e+09 
178 2252 -6.682073e+09 
178 2529 -5.975564e+08 
178 2530 -8.590606e+08 
178 4571 -1.941950e+08 
178 4572 3.814281e+09 
179 179 1.532225e+10 
179 180 -2.518624e+08 
179 521 -2.654932e+09 
179 522 -3.971903e+09 
179 2351 -1.278528e+09 
179 2352 3.303837e+09 
179 2503 -6.219140e+09 
179 2504 5.794334e+08 
179 3689 -5.169651e+09 
179 3690 3.404952e+08 
180 179 -2.518624e+08 
180 180 1.247318e+10 
